power:[0.08065317289420663, 0.09511742915869922, 0.0549640175179487, 0.09849045338733746, 0.08265700178989689, 0.058545479256802264, 0.06790760834847626, 0.08753430706092283, 0.0803915334357734, 0.06625236145041763]
bitwidths:[8, 8, 8, 8, 8, 8, 8, 8, 8, 8]
prune_rates:[0.0, 0.0, 0.0, 0.0, 0.0, 0.0, 0.0, 0.0, 0.0, 0.0]
是可行解