power:[0.08043588535647243, 0.1, 0.0967913501800245, 0.1, 0.05004941938606004, 0.05445630398353555, 0.09733447936017664, 0.05861631647714062, 0.09658882518262035, 0.1]
bitwidths:[8, 8, 8, 8, 1, 1, 6, 8, 8, 8]
prune_rates:[0.0, 0.0, 0.0, 0.0, 0.0, 0.0, 0.0, 0.0, 0.0, 0.0]
是可行解