power:[0.0712259045490487, 0.053140675541331284, 0.053900780130081156, 0.09505397323234309, 0.05076169506980517, 0.057986904901922924, 0.08051078499566086, 0.0773299336104401, 0.05443035165511306, 0.05372801758095829]
bitwidths:[8, 8, 8, 8, 8, 8, 8, 8, 8, 8]
prune_rates:[0.0, 0.0, 0.0, 0.0, 0.0, 0.0, 0.0, 0.0, 0.0, 0.0]
是可行解