power:[0.09897412677714114, 0.1, 0.06622521616109686, 0.08525655907048116, 0.05072856010840341, 0.050373629109076945, 0.07253301118632986, 0.09257701803068848, 0.06022984391586876, 0.08362325019966618]
bitwidths:[8, 8, 8, 8, 3, 2, 6, 8, 8, 8]
prune_rates:[0.0, 0.0, 0.0, 0.0, 0.0, 0.0, 0.0, 0.0, 0.0, 0.0]
是可行解