power:[0.09010150427426795, 0.09155993120656757, 0.07210916925317051, 0.07207594733591985, 0.05066863961063604, 0.05, 0.1, 0.07760146752039634, 0.08540055632262042, 0.08421007486036919]
bitwidths:[8, 8, 8, 8, 3, 2, 6, 7, 7, 8]
prune_rates:[0.0, 0.0, 0.0, 0.0, 0.0, 0.0, 0.0, 0.0, 0.0, 0.0]
是可行解