power:[0.09963914533887033, 0.1, 0.09921359092424123, 0.09353150817089344, 0.08535621123684792, 0.07499184187029741, 0.09840462249994886, 0.09999067320438007, 0.06426835201385, 0.056683340694599835]
bitwidths:[6, 7, 7, 7, 6, 6, 7, 8, 4, 6]
prune_rates:[0.0, 0.21265232636010123, 0.0, 0.0, 0.03164222694111829, 0.0453685007240856, 0.3560554284682289, 0.33857555358410674, 0.30980382338923107, 0.20312140424236613]
是可行解